=
?
[[   25.]
 [   18.]
 [   17.]
 [   24.]
 [   21.]
 [   33.]
 [   33.]
 [   56.]
 [   81.]
 [   67.]
 [   63.]
 [   78.]
 [   82.]
 [  120.]
 [   97.]
 [  107.]
 [   98.]
 [  117.]
 [   93.]
 [  101.]
 [  122.]
 [  110.]
 [   97.]
 [   97.]
 [  101.]
 [  117.]
 [   87.]
 [   97.]
 [   87.]
 [   80.]
 [   93.]
 [   95.]
 [  105.]
 [  103.]
 [   81.]
 [   69.]
 [   60.]
 [   78.]
 [   89.]
 [   85.]
 [   90.]
 [   82.]
 [   73.]
 [   85.]
 [   97.]
 [   70.]
 [   65.]
 [   78.]
 [   91.]
 [   75.]
 [   88.]
 [   68.]
 [   88.]
 [   77.]
 [   76.]
 [   80.]
 [   73.]
 [   97.]
 [   83.]
 [   82.]
 [   82.]
 [   83.]
 [   87.]
 [   77.]
 [   99.]
 [   75.]
 [   80.]
 [  122.]
 [  105.]
 [  100.]
 [  117.]
 [  121.]
 [  117.]
 [  126.]
 [  116.]
 [  150.]
 [  171.]
 [  160.]
 [  166.]
 [  182.]
 [  184.]
 [  227.]
 [  227.]
 [  200.]
 [  217.]
 [  194.]
 [  213.]
 [  194.]
 [  187.]
 [  170.]
 [  189.]
 [  145.]
 [  142.]
 [  154.]
 [  145.]
 [  123.]
 [  137.]
 [  113.]
 [  133.]
 [  124.]
 [  114.]
 [  129.]
 [  105.]
 [  110.]
 [  110.]
 [   96.]
 [  105.]
 [   72.]
 [   66.]
 [   57.]
 [   52.]
 [   66.]
 [   46.]
 [   42.]
 [   47.]
 [   41.]
 [   45.]
 [   55.]
 [   46.]
 [   53.]
 [   47.]
 [   50.]
 [   34.]
 [   29.]
 [   39.]
 [   47.]
 [   36.]
 [   37.]
 [   33.]
 [   38.]
 [   47.]
 [   35.]
 [   35.]
 [   54.]
 [   42.]
 [   52.]
 [   47.]
 [   37.]
 [   33.]
 [   44.]
 [   36.]
 [   46.]
 [   52.]
 [   38.]
 [   59.]
 [   62.]
 [   53.]
 [   72.]
 [   55.]
 [   60.]
 [   65.]
 [   56.]
 [   82.]
 [   70.]
 [   74.]
 [   60.]
 [   51.]
 [   61.]
 [   69.]
 [   58.]
 [   67.]
 [   73.]
 [   81.]
 [   77.]
 [   75.]
 [   76.]
 [   67.]
 [   50.]
 [   54.]
 [   60.]
 [   46.]
 [   59.]
 [   54.]
 [   42.]
 [   37.]
 [   45.]
 [   44.]
 [   46.]
 [   56.]
 [   61.]
 [   48.]
 [   74.]
 [   68.]
 [   79.]
 [   79.]
 [   86.]
 [   69.]
 [   69.]
 [   80.]
 [   90.]
 [   75.]
 [   90.]
 [   91.]
 [  116.]
 [  103.]
 [  101.]
 [   93.]
 [   98.]
 [  106.]
 [  109.]
 [  125.]
 [  116.]
 [  158.]
 [  169.]
 [  181.]
 [  151.]
 [  117.]
 [  121.]
 [  116.]
 [  128.]
 [  126.]
 [  102.]
 [  100.]
 [  105.]
 [  103.]
 [  105.]
 [  102.]
 [  115.]
 [  123.]
 [  114.]
 [  128.]
 [  148.]
 [  126.]
 [  151.]
 [  144.]
 [  131.]
 [  136.]
 [  170.]
 [  176.]
 [  216.]
 [  188.]
 [  190.]
 [  161.]
 [  161.]
 [  155.]
 [  128.]
 [  121.]
 [  105.]
 [  111.]
 [   88.]
 [  116.]
 [  109.]
 [   99.]
 [   85.]
 [   83.]
 [   84.]
 [   75.]
 [   86.]
 [   75.]
 [   98.]
 [  100.]
 [  105.]
 [  104.]
 [ 2167.]
 [    0.]
 [    0.]]
?
[[   84.]
 [   12.]
 [   16.]
 [   31.]
 [   37.]
 [   51.]
 [   77.]
 [  111.]
 [  159.]
 [  136.]
 [  119.]
 [  163.]
 [  102.]
 [  161.]
 [  113.]
 [   94.]
 [  136.]
 [   98.]
 [   99.]
 [   81.]
 [  137.]
 [   89.]
 [  107.]
 [  126.]
 [  111.]
 [  164.]
 [  105.]
 [   95.]
 [  103.]
 [  121.]
 [   86.]
 [   91.]
 [   81.]
 [  122.]
 [   69.]
 [   70.]
 [   82.]
 [   68.]
 [  109.]
 [   75.]
 [  103.]
 [  118.]
 [  101.]
 [   98.]
 [   99.]
 [  118.]
 [  102.]
 [   81.]
 [  100.]
 [  103.]
 [  100.]
 [   74.]
 [   87.]
 [   58.]
 [   71.]
 [   56.]
 [   58.]
 [   71.]
 [   65.]
 [   61.]
 [   45.]
 [   60.]
 [   40.]
 [   41.]
 [   38.]
 [   29.]
 [   40.]
 [   38.]
 [   46.]
 [   22.]
 [   37.]
 [   35.]
 [   42.]
 [   36.]
 [   30.]
 [   40.]
 [   45.]
 [   66.]
 [   72.]
 [  107.]
 [   99.]
 [  135.]
 [  118.]
 [  146.]
 [  122.]
 [  125.]
 [   97.]
 [  110.]
 [  104.]
 [  105.]
 [  122.]
 [  108.]
 [  107.]
 [  126.]
 [  131.]
 [  151.]
 [  131.]
 [  148.]
 [  150.]
 [  149.]
 [  173.]
 [  192.]
 [  194.]
 [  172.]
 [  195.]
 [  161.]
 [  152.]
 [  145.]
 [  154.]
 [  155.]
 [  172.]
 [  165.]
 [  128.]
 [  119.]
 [  125.]
 [   80.]
 [   78.]
 [   78.]
 [   52.]
 [   77.]
 [   87.]
 [   65.]
 [   68.]
 [   67.]
 [   65.]
 [   91.]
 [   90.]
 [   87.]
 [   97.]
 [   90.]
 [   99.]
 [   85.]
 [  122.]
 [  111.]
 [   99.]
 [   89.]
 [   89.]
 [   93.]
 [  105.]
 [   97.]
 [   94.]
 [   90.]
 [  105.]
 [  107.]
 [  101.]
 [   91.]
 [  101.]
 [   85.]
 [   66.]
 [   61.]
 [   59.]
 [   71.]
 [   69.]
 [   80.]
 [   81.]
 [   63.]
 [   70.]
 [   44.]
 [   66.]
 [   62.]
 [   61.]
 [   71.]
 [   74.]
 [   70.]
 [   90.]
 [   84.]
 [   97.]
 [   81.]
 [  103.]
 [   94.]
 [  112.]
 [   78.]
 [  105.]
 [  119.]
 [   82.]
 [  136.]
 [  137.]
 [  102.]
 [  118.]
 [  111.]
 [  114.]
 [  117.]
 [   95.]
 [  115.]
 [  136.]
 [  165.]
 [  125.]
 [  115.]
 [  109.]
 [  135.]
 [  122.]
 [  129.]
 [  120.]
 [  104.]
 [  133.]
 [  130.]
 [  112.]
 [  108.]
 [  129.]
 [  105.]
 [  123.]
 [  121.]
 [   99.]
 [  117.]
 [  111.]
 [   97.]
 [   95.]
 [   86.]
 [  123.]
 [  107.]
 [  147.]
 [  117.]
 [  105.]
 [   94.]
 [  102.]
 [   91.]
 [   91.]
 [   92.]
 [   83.]
 [   88.]
 [   74.]
 [   88.]
 [   65.]
 [   70.]
 [   74.]
 [   72.]
 [   65.]
 [   59.]
 [   39.]
 [   62.]
 [   46.]
 [   44.]
 [   47.]
 [   42.]
 [   45.]
 [   46.]
 [   44.]
 [   56.]
 [   51.]
 [   50.]
 [   58.]
 [   44.]
 [   48.]
 [   44.]
 [   52.]
 [   50.]
 [   51.]
 [   48.]
 [   66.]
 [   65.]
 [   60.]
 [   62.]
 [   80.]
 [ 2263.]
 [    0.]
 [    0.]]
?
[[   48.]
 [   19.]
 [   20.]
 [   24.]
 [   30.]
 [   44.]
 [   67.]
 [   71.]
 [  148.]
 [  156.]
 [  125.]
 [  147.]
 [  118.]
 [  137.]
 [   98.]
 [   86.]
 [  103.]
 [   98.]
 [   83.]
 [  102.]
 [  110.]
 [   89.]
 [   74.]
 [   83.]
 [   84.]
 [  111.]
 [   94.]
 [   81.]
 [   59.]
 [   70.]
 [   68.]
 [   73.]
 [   53.]
 [   81.]
 [   44.]
 [   59.]
 [   59.]
 [   66.]
 [   68.]
 [   76.]
 [   86.]
 [   90.]
 [   78.]
 [  108.]
 [  111.]
 [  116.]
 [  109.]
 [   81.]
 [   94.]
 [   71.]
 [   91.]
 [   63.]
 [   84.]
 [   72.]
 [   57.]
 [   53.]
 [   41.]
 [   48.]
 [   45.]
 [   38.]
 [   24.]
 [   31.]
 [   43.]
 [   40.]
 [   39.]
 [   34.]
 [   33.]
 [   41.]
 [   27.]
 [   29.]
 [   41.]
 [   24.]
 [   33.]
 [   32.]
 [   30.]
 [   49.]
 [   29.]
 [   37.]
 [   27.]
 [   25.]
 [   31.]
 [   22.]
 [   35.]
 [   24.]
 [   24.]
 [   27.]
 [   22.]
 [   22.]
 [   20.]
 [   18.]
 [   23.]
 [   40.]
 [   23.]
 [   17.]
 [   26.]
 [   35.]
 [   30.]
 [   27.]
 [   29.]
 [   30.]
 [   29.]
 [   27.]
 [   41.]
 [   36.]
 [   41.]
 [   38.]
 [   37.]
 [   37.]
 [   47.]
 [   45.]
 [   64.]
 [   58.]
 [   59.]
 [   83.]
 [   78.]
 [   89.]
 [   87.]
 [  109.]
 [  104.]
 [  111.]
 [  106.]
 [  136.]
 [  134.]
 [  108.]
 [  101.]
 [   93.]
 [   97.]
 [   81.]
 [   89.]
 [   74.]
 [   74.]
 [   76.]
 [   67.]
 [   80.]
 [   61.]
 [   65.]
 [   65.]
 [   69.]
 [   63.]
 [   92.]
 [   82.]
 [   85.]
 [   82.]
 [  105.]
 [   95.]
 [  115.]
 [  121.]
 [  141.]
 [  153.]
 [  184.]
 [  161.]
 [  187.]
 [  183.]
 [  233.]
 [  225.]
 [  218.]
 [  231.]
 [  213.]
 [  203.]
 [  206.]
 [  206.]
 [  193.]
 [  211.]
 [  220.]
 [  238.]
 [  215.]
 [  203.]
 [  194.]
 [  166.]
 [  163.]
 [  172.]
 [  124.]
 [  135.]
 [  104.]
 [   88.]
 [   92.]
 [  114.]
 [  107.]
 [  112.]
 [  117.]
 [  134.]
 [  124.]
 [  120.]
 [  117.]
 [  125.]
 [  120.]
 [  126.]
 [  136.]
 [  109.]
 [  125.]
 [  124.]
 [  135.]
 [  127.]
 [  131.]
 [  129.]
 [  161.]
 [  145.]
 [  151.]
 [  142.]
 [  141.]
 [  156.]
 [  171.]
 [  124.]
 [  133.]
 [  148.]
 [  131.]
 [  136.]
 [  140.]
 [  167.]
 [  134.]
 [  121.]
 [  107.]
 [  132.]
 [  139.]
 [  127.]
 [  141.]
 [  125.]
 [  124.]
 [  123.]
 [  129.]
 [  107.]
 [  107.]
 [  101.]
 [  106.]
 [  104.]
 [  116.]
 [   92.]
 [   90.]
 [   72.]
 [   78.]
 [   73.]
 [  103.]
 [   77.]
 [   57.]
 [   78.]
 [   60.]
 [   66.]
 [   68.]
 [   67.]
 [   43.]
 [   68.]
 [   44.]
 [   69.]
 [   65.]
 [   74.]
 [   80.]
 [   77.]
 [   88.]
 [   89.]
 [   99.]
 [   84.]
 [  118.]
 [  131.]
 [ 2315.]
 [    0.]
 [    0.]]
=
?
[[ 260.]
 [ 239.]
 [ 275.]
 [ 255.]
 [ 225.]
 [ 227.]
 [ 205.]
 [ 232.]
 [ 260.]
 [ 245.]
 [ 223.]
 [ 256.]
 [ 249.]
 [ 305.]
 [ 236.]
 [ 204.]
 [ 225.]
 [ 243.]
 [ 230.]
 [ 234.]
 [ 334.]
 [ 265.]
 [ 233.]
 [ 204.]
 [ 211.]
 [ 291.]
 [ 248.]
 [ 254.]
 [ 222.]
 [ 282.]
 [ 220.]
 [ 224.]
 [ 244.]
 [ 298.]
 [ 220.]
 [ 237.]
 [ 200.]
 [ 235.]
 [ 276.]
 [ 258.]
 [ 253.]
 [ 265.]
 [ 238.]
 [ 254.]
 [ 275.]
 [ 262.]
 [ 236.]
 [ 230.]
 [ 245.]
 [ 258.]
 [ 223.]
 [ 194.]
 [ 225.]
 [ 173.]
 [ 150.]
 [ 138.]
 [ 114.]
 [ 127.]
 [ 125.]
 [ 107.]
 [  83.]
 [  86.]
 [  93.]
 [  60.]
 [  72.]
 [  46.]
 [  76.]
 [  68.]
 [  66.]
 [  55.]
 [  56.]
 [  65.]
 [  57.]
 [  68.]
 [  55.]
 [  67.]
 [  71.]
 [  85.]
 [  77.]
 [  80.]
 [  70.]
 [  92.]
 [  73.]
 [  80.]
 [  93.]
 [  71.]
 [  77.]
 [  63.]
 [  84.]
 [  73.]
 [  61.]
 [  86.]
 [  61.]
 [  77.]
 [  69.]
 [  59.]
 [  69.]
 [  57.]
 [  59.]
 [  57.]
 [  50.]
 [  57.]
 [  35.]
 [  34.]
 [  39.]
 [  27.]
 [  33.]
 [  35.]
 [  32.]
 [  33.]
 [  33.]
 [  28.]
 [  26.]
 [  37.]
 [  25.]
 [  20.]
 [  36.]
 [  28.]
 [  22.]
 [  29.]
 [  27.]
 [  27.]
 [  31.]
 [  36.]
 [  21.]
 [  32.]
 [  31.]
 [  30.]
 [  46.]
 [  46.]
 [  35.]
 [  45.]
 [  41.]
 [  36.]
 [  38.]
 [  30.]
 [  37.]
 [  35.]
 [  39.]
 [  27.]
 [  28.]
 [  34.]
 [  25.]
 [  32.]
 [  23.]
 [  31.]
 [  29.]
 [  29.]
 [  24.]
 [  15.]
 [  26.]
 [  21.]
 [  24.]
 [  26.]
 [  23.]
 [  23.]
 [  23.]
 [  19.]
 [  14.]
 [  10.]
 [  18.]
 [  11.]
 [   8.]
 [   8.]
 [   5.]
 [   9.]
 [  12.]
 [   8.]
 [   4.]
 [   7.]
 [   7.]
 [  11.]
 [   9.]
 [   8.]
 [  11.]
 [   4.]
 [   6.]
 [  10.]
 [   6.]
 [   6.]
 [   7.]
 [   7.]
 [   5.]
 [  10.]
 [   4.]
 [   6.]
 [  14.]
 [   7.]
 [   9.]
 [   4.]
 [   8.]
 [   5.]
 [   3.]
 [  11.]
 [   9.]
 [   9.]
 [  10.]
 [   4.]
 [   4.]
 [   4.]
 [   9.]
 [   8.]
 [   6.]
 [   8.]
 [   7.]
 [   9.]
 [   8.]
 [   8.]
 [   8.]
 [   2.]
 [   8.]
 [   4.]
 [  10.]
 [  15.]
 [  11.]
 [   6.]
 [   8.]
 [   5.]
 [   7.]
 [   4.]
 [   3.]
 [   5.]
 [   9.]
 [   5.]
 [   4.]
 [   4.]
 [   7.]
 [   3.]
 [   6.]
 [   4.]
 [   4.]
 [   2.]
 [   3.]
 [   4.]
 [   3.]
 [   6.]
 [   3.]
 [   3.]
 [   7.]
 [   4.]
 [   2.]
 [   4.]
 [   3.]
 [   2.]
 [   2.]
 [   2.]
 [   2.]
 [   1.]
 [   0.]
 [   1.]
 [   3.]
 [   2.]
 [   2.]
 [  25.]
 [   0.]
 [   0.]]
?
[[ 112.]
 [ 116.]
 [ 347.]
 [ 429.]
 [ 341.]
 [ 279.]
 [ 394.]
 [ 329.]
 [ 450.]
 [ 522.]
 [ 335.]
 [ 457.]
 [ 272.]
 [ 320.]
 [ 177.]
 [ 198.]
 [ 225.]
 [ 152.]
 [ 186.]
 [ 189.]
 [ 267.]
 [ 178.]
 [ 180.]
 [ 168.]
 [ 186.]
 [ 253.]
 [ 199.]
 [ 188.]
 [ 174.]
 [ 297.]
 [ 195.]
 [ 209.]
 [ 208.]
 [ 320.]
 [ 209.]
 [ 220.]
 [ 197.]
 [ 208.]
 [ 303.]
 [ 212.]
 [ 271.]
 [ 278.]
 [ 194.]
 [ 272.]
 [ 284.]
 [ 302.]
 [ 317.]
 [ 185.]
 [ 251.]
 [ 311.]
 [ 242.]
 [ 188.]
 [ 217.]
 [ 227.]
 [ 223.]
 [ 166.]
 [ 116.]
 [ 128.]
 [ 104.]
 [  99.]
 [  47.]
 [  72.]
 [  64.]
 [  49.]
 [  38.]
 [  49.]
 [  34.]
 [  53.]
 [  49.]
 [  32.]
 [  48.]
 [  45.]
 [  40.]
 [  43.]
 [  23.]
 [  47.]
 [  42.]
 [  44.]
 [  40.]
 [  44.]
 [  45.]
 [  54.]
 [  70.]
 [  68.]
 [  39.]
 [  44.]
 [  50.]
 [  54.]
 [  59.]
 [  67.]
 [  37.]
 [  47.]
 [  36.]
 [  43.]
 [  41.]
 [  51.]
 [  24.]
 [  28.]
 [  36.]
 [  37.]
 [  27.]
 [  33.]
 [  38.]
 [  37.]
 [  48.]
 [  44.]
 [  37.]
 [  31.]
 [  37.]
 [  39.]
 [  33.]
 [  54.]
 [  42.]
 [  43.]
 [  44.]
 [  33.]
 [  33.]
 [  28.]
 [  22.]
 [  38.]
 [  31.]
 [  46.]
 [  34.]
 [  37.]
 [  35.]
 [  42.]
 [  32.]
 [  21.]
 [  38.]
 [  29.]
 [  20.]
 [  30.]
 [  17.]
 [  26.]
 [  22.]
 [  24.]
 [  26.]
 [  36.]
 [  29.]
 [  29.]
 [  25.]
 [  24.]
 [  26.]
 [  19.]
 [  26.]
 [  24.]
 [  31.]
 [  22.]
 [  30.]
 [  30.]
 [  29.]
 [  30.]
 [  31.]
 [  23.]
 [  20.]
 [  24.]
 [  25.]
 [  25.]
 [  34.]
 [  31.]
 [  40.]
 [  24.]
 [  36.]
 [  28.]
 [  25.]
 [  18.]
 [  28.]
 [  18.]
 [  16.]
 [  16.]
 [  10.]
 [   6.]
 [   9.]
 [  10.]
 [   7.]
 [  15.]
 [  10.]
 [  14.]
 [   7.]
 [   6.]
 [   9.]
 [  11.]
 [  13.]
 [   8.]
 [   5.]
 [   7.]
 [   8.]
 [   4.]
 [   3.]
 [   6.]
 [   9.]
 [   7.]
 [  14.]
 [   5.]
 [   6.]
 [   8.]
 [   5.]
 [  15.]
 [   8.]
 [  11.]
 [   4.]
 [   9.]
 [   7.]
 [  10.]
 [   9.]
 [  14.]
 [   8.]
 [  10.]
 [   8.]
 [   5.]
 [   9.]
 [   5.]
 [   5.]
 [  10.]
 [   6.]
 [   6.]
 [   7.]
 [   4.]
 [   7.]
 [   3.]
 [  10.]
 [   7.]
 [   6.]
 [   7.]
 [   1.]
 [   3.]
 [   3.]
 [   4.]
 [   3.]
 [   3.]
 [   5.]
 [   8.]
 [   5.]
 [   1.]
 [   2.]
 [   5.]
 [   1.]
 [   2.]
 [  12.]
 [   3.]
 [   0.]
 [   3.]
 [   7.]
 [   3.]
 [   6.]
 [   4.]
 [   0.]
 [   0.]
 [   2.]
 [   2.]
 [   5.]
 [   4.]
 [   3.]
 [  56.]
 [   0.]
 [   0.]]
?
[[   9.]
 [  21.]
 [  98.]
 [ 159.]
 [ 132.]
 [ 120.]
 [ 155.]
 [ 118.]
 [ 161.]
 [ 180.]
 [ 164.]
 [ 200.]
 [ 202.]
 [ 250.]
 [ 193.]
 [ 189.]
 [ 282.]
 [ 251.]
 [ 245.]
 [ 230.]
 [ 228.]
 [ 176.]
 [ 184.]
 [ 183.]
 [ 184.]
 [ 176.]
 [ 162.]
 [ 131.]
 [ 109.]
 [ 165.]
 [ 115.]
 [ 147.]
 [ 127.]
 [ 169.]
 [ 136.]
 [ 139.]
 [ 125.]
 [ 133.]
 [ 184.]
 [ 169.]
 [ 169.]
 [ 224.]
 [ 200.]
 [ 214.]
 [ 229.]
 [ 247.]
 [ 231.]
 [ 175.]
 [ 252.]
 [ 242.]
 [ 219.]
 [ 210.]
 [ 240.]
 [ 260.]
 [ 294.]
 [ 250.]
 [ 173.]
 [ 198.]
 [ 240.]
 [ 200.]
 [ 182.]
 [ 186.]
 [ 203.]
 [ 210.]
 [ 205.]
 [ 160.]
 [ 197.]
 [ 178.]
 [ 203.]
 [ 149.]
 [ 190.]
 [ 189.]
 [ 183.]
 [ 161.]
 [ 140.]
 [ 176.]
 [ 146.]
 [ 106.]
 [  72.]
 [  69.]
 [  61.]
 [  57.]
 [  42.]
 [  46.]
 [  34.]
 [  35.]
 [  32.]
 [  28.]
 [  23.]
 [  25.]
 [  17.]
 [  30.]
 [  18.]
 [  25.]
 [  21.]
 [  23.]
 [  21.]
 [  23.]
 [  21.]
 [  32.]
 [  21.]
 [  39.]
 [  29.]
 [  30.]
 [  44.]
 [  38.]
 [  34.]
 [  40.]
 [  38.]
 [  46.]
 [  27.]
 [  27.]
 [  27.]
 [  32.]
 [  28.]
 [  33.]
 [  35.]
 [  38.]
 [  38.]
 [  43.]
 [  38.]
 [  42.]
 [  26.]
 [  30.]
 [  33.]
 [  22.]
 [  29.]
 [  28.]
 [  26.]
 [  22.]
 [  19.]
 [  33.]
 [  20.]
 [  27.]
 [  26.]
 [  21.]
 [  35.]
 [  32.]
 [  30.]
 [  22.]
 [  27.]
 [  17.]
 [  33.]
 [  34.]
 [  38.]
 [  37.]
 [  34.]
 [  44.]
 [  35.]
 [  30.]
 [  31.]
 [  37.]
 [  42.]
 [  24.]
 [  38.]
 [  26.]
 [  28.]
 [  41.]
 [  34.]
 [  30.]
 [  25.]
 [  21.]
 [  25.]
 [  24.]
 [  19.]
 [  21.]
 [  22.]
 [  26.]
 [  20.]
 [  26.]
 [  23.]
 [  17.]
 [  14.]
 [  26.]
 [  17.]
 [  20.]
 [  14.]
 [  16.]
 [  17.]
 [  26.]
 [  17.]
 [  20.]
 [  21.]
 [  11.]
 [  15.]
 [  14.]
 [  17.]
 [  29.]
 [  18.]
 [  21.]
 [  15.]
 [  20.]
 [  17.]
 [  12.]
 [  19.]
 [  20.]
 [  21.]
 [   9.]
 [  12.]
 [  11.]
 [  18.]
 [  13.]
 [  17.]
 [  22.]
 [  14.]
 [  11.]
 [  12.]
 [  15.]
 [  21.]
 [  19.]
 [  17.]
 [  24.]
 [  17.]
 [  18.]
 [  21.]
 [  20.]
 [  18.]
 [  21.]
 [  14.]
 [  19.]
 [  23.]
 [  24.]
 [  20.]
 [  19.]
 [  23.]
 [  24.]
 [  18.]
 [  29.]
 [  33.]
 [  19.]
 [  25.]
 [  21.]
 [  22.]
 [  30.]
 [  21.]
 [  22.]
 [  22.]
 [  27.]
 [  26.]
 [  26.]
 [  22.]
 [  22.]
 [  30.]
 [  33.]
 [  38.]
 [  34.]
 [  23.]
 [  46.]
 [  36.]
 [  50.]
 [  51.]
 [  32.]
 [  19.]
 [ 306.]
 [   0.]
 [   0.]]
